phase: 03_Baseline_Models
metrics:
  logistic_regression:
    accuracy: 0.8778801843317973
    precision_weighted: 0.8850925747825037
    recall_weighted: 0.8778801843317973
    f1_weighted: 0.877076814530713
    training_time_seconds: 6.983352900017053
    prediction_latency_ms_per_sample: 0.07427511519477767
    model_size_bytes: 3278037
  linear_svm:
    accuracy: 0.9070660522273426
    precision_weighted: 0.911023421901031
    recall_weighted: 0.9070660522273426
    f1_weighted: 0.9069708213053176
    training_time_seconds: 3.321231000008993
    prediction_latency_ms_per_sample: 0.06798364055920936
    model_size_bytes: 3277905
  naive_bayes:
    accuracy: 0.84715821812596
    precision_weighted: 0.8562070120607993
    recall_weighted: 0.84715821812596
    f1_weighted: 0.8432005538472122
    training_time_seconds: 0.8295017000054941
    prediction_latency_ms_per_sample: 0.07835775730021287
    model_size_bytes: 6358554
git_commit: cc1c1de64b28542d4db316ac79bd4990d31964a5
