phase: 03_Baseline_Models
metrics:
  logistic_regression:
    accuracy: 0.8778801843317973
    precision_weighted: 0.8850925747825037
    recall_weighted: 0.8778801843317973
    f1_weighted: 0.877076814530713
    training_time_seconds: 2.8945834999904037
    prediction_latency_ms_per_sample: 0.018254070708702694
    model_size_bytes: 3278021
  linear_svm:
    accuracy: 0.9070660522273426
    precision_weighted: 0.911023421901031
    recall_weighted: 0.9070660522273426
    f1_weighted: 0.9069708213053176
    training_time_seconds: 0.909690500004217
    prediction_latency_ms_per_sample: 0.015659600756661864
    model_size_bytes: 3277905
  naive_bayes:
    accuracy: 0.84715821812596
    precision_weighted: 0.8562070120607993
    recall_weighted: 0.84715821812596
    f1_weighted: 0.8432005538472122
    training_time_seconds: 0.1720154001377523
    prediction_latency_ms_per_sample: 0.01720545317022024
    model_size_bytes: 6358554
git_commit: ef9a0498221c5c43373fcf9e951987614174868f
