phase: 07_Model_Evaluation
eval_metrics:
  accuracy: 0.9185867895545314
  macro_avg_f1: 0.9204597052489093
  weighted_avg_f1: 0.9179924220192865
git_commit: ef9a0498221c5c43373fcf9e951987614174868f
